Winsorized yield and volatility (5th/95th percentile, by year)

  Obs   gvkey  year  estimated_yield  estimated_volatility
    1  001078  2005            0.012                  0.28
    2  001078  2005            0.014                   0.3
    3  001078  2005            0.016                  0.31
    4  001078  2005            0.018                  0.33
    5  001078  2005             0.02                  0.34
    6  001078  2005            0.022                  0.36
    7  001078  2005            0.024                  0.38
    8  001078  2005            0.026                   0.4
    9  001078  2005            0.028                  0.42
   10  001078  2005             0.03                  0.44
   11  002403  2005            0.011                 0.275
   12  002403  2005            0.013                  0.29
   13  002403  2005            0.015                  0.32
   14  002403  2005            0.017                  0.35
   15  002403  2005            0.019                  0.37
   16  002403  2005            0.105                  0.39
   17  002403  2005            0.021                  0.41
   18  002403  2005            0.023                  0.43
   19  002403  2005            0.006                 0.685
   20  002403  2005            0.025                  0.45
   21  006066  2006             0.01                  0.26
   22  006066  2006            0.012                  0.28
   23  006066  2006            0.014                   0.3
   24  006066  2006            0.016                  0.32
   25  006066  2006            0.018                  0.34
   26  006066  2006             0.02                  0.36
   27  006066  2006            0.022                  0.38
   28  006066  2006            0.024                   0.4
   29  006066  2006             0.15                  0.41
   30  006066  2006            0.002                  0.88

Post-winsorization ranges by year

                                                  The MEANS Procedure

                                          Analysis Variable : estimated_yield

        YEAR              N Obs        Minimum        Maximum           Mean
        --------------------------------------------------------------------
        2005                 20      0.0060000      0.1050000      0.0232500
        2006                 10      0.0020000      0.1500000      0.0288000
        --------------------------------------------------------------------

                                        Analysis Variable : estimated_volatility

        YEAR              N Obs        Minimum        Maximum           Mean
        --------------------------------------------------------------------
        2005                 20      0.2750000      0.6850000      0.3765000
        2006                 10      0.2600000      0.8800000      0.3930000
        --------------------------------------------------------------------

