Annual Treasury rates with interpolated 4/6/8/9-year maturities

  Obs  year  oneyr  twoyr  threeyr  fouryr  fiveyr  sixyr  sevenyr  eightyr  nineyr  tenyr
    1  2005   3.62   3.85     3.93    3.99    4.05   4.11     4.16      4.2    4.25   4.29
    2  2006   4.94   4.82     4.77    4.76    4.75   4.76     4.76     4.77    4.78   4.79
    3  2007   4.53   4.36     4.35    4.39    4.43   4.48     4.52     4.56    4.59   4.63
    4  2008   1.82      2     2.24    2.52     2.8   2.99     3.18     3.34     3.5   3.66
    5  2009   0.47   0.96     1.43    1.82     2.2   2.56     2.91     3.03    3.14   3.26
    6  2010   0.32    0.7     1.11    1.52    1.93   2.28     2.62     2.82    3.02   3.22

