Executive-year delta, vega and firm-related wealth

  Obs  coperol  year   delta  optiondelta  sharedelta    vega  firm_related_wealth
    1        6  2005   88.07        59.48       28.59   53.67              6072.16
    2        6  2006  110.43        76.44       33.99   69.74              7353.27
    3      668  2009   61.16        38.50       22.66   44.61              4013.31
    4      668  2010   74.79        47.97       26.82   54.49              4807.07
    5      984  2004  287.76       158.82      128.94  172.67             20088.09
    6      984  2005  341.72       191.19      150.53  196.31             23590.98
    7     2611  2005   34.89        21.65       13.24   19.47              2699.08
    8     2611  2006   46.27        30.08       16.19   25.52              3501.93
    9    16285  2005  251.77       152.71       99.05  136.02             18251.22
   10    16285  2006  328.07       208.60      119.47  177.85             22982.98

Summary of computed incentive measures

                                                  The MEANS Procedure

 Variable                   N              Mean          Minimum           Maximum
 ---------------------------------------------------------------------------------
 delta                     10       162.4920082       34.8864017       341.7153978
 vega                      10        95.0335098       19.4709906       196.3053597
 firm_related_wealth       10     11336.0101761     2699.0847266     23590.9837230
 ---------------------------------------------------------------------------------

